1 2 3 4 5 6 7 8 9 10 11 12 13 14 15 16 17 18 19 20 21 22 23 24 25 26 27 28 29 30 
31 32 33 
34 35 36 
37 38 39 40 41 42 43 44 45 46 47 
39 40 48 49 
39 40 49 50 51 52 53 54 55 56 57 58 59 
33 42 60 61 62 63 
4 40 49 
64 65 66 67 68 69 
33 70 
49 71 72 73 
40 74 75 76 77 78 79 80 
37 39 40 42 49 80 81 82 
83 84 85 
42 86 87 88 89 
40 49 90 91 92 93 94 95 96 97 98 99 100 101 102 
37 39 40 49 90 
40 42 103 104 105 106 107 108 109 
39 40 42 110 111 
40 112 113 114 115 116 117 118 119 
120 121 122 123 124 125 126 127 128 129 130 131 132 133 134 
49 135 136 137 
40 49 138 139 140 141 142 143 144 145 146 147 148 149 150 
40 151 152 153 
39 40 57 154 155 156 
49 157 158 159 160 161 
40 42 49 
162 163 164 165 166 167 168 
39 40 49 169 170 171 172 173 174 
33 40 42 49 175 176 177 178 179 
33 39 40 48 49 180 181 182 183 184 
40 185 186 187 
37 39 42 49 141 188 189 