32 39 10515 
31 48 210 215 681 1479 2065 2501 3761 6630 13049 14928 
593 9050 10443 10732 16175 
32 39 41 48 374 885 1146 1538 1543 1929 5174 9843 13334 
22 37 38 39 41 48 101 226 410 415 479 576 581 584 677 857 1081 2573 2721 5297 6214 6551 7409 8068 9147 10348 13088 14544 
39 41 185 16176 
39 48 2674 3186 5569 6941 
791 1929 10879 12925 15497 15815 15999 
39 41 48 147 338 392 1609 2051 3923 5543 12768 13043 14953 15618 
38 39 41 371 1513 
39 1294 2513 2760 11801 
38 170 525 542 677 916 1074 2342 2392 2767 3487 3640 3923 13459 13900 13923 14784 16303 
39 41 48 229 924 1130 1280 1305 1688 1771 1787 1945 2273 2858 3052 3270 3975 4835 4880 5507 7538 10442 10581 14006 14592 15160 15205 
39 48 865 
36 38 9032 
32 41 48 431 441 581 725 809 1107 1393 1479 2115 2455 2667 2856 2879 2915 3230 3537 4020 4459 5691 5731 6733 7062 9906 10448 10499 16178 
39 41 45 48 479 1135 2473 
39 48 70 155 195 258 716 1138 2115 2306 3011 3761 10515 12308 12768 13334 14098 15694 16155 
39 48 166 803 1454 2664 4360 5731 7463 
38 170 442 751 963 12982 13422 
32 533 5510 6184 10623 15618 
32 2873 15618 
39 48 623 685 1004 1165 1246 1924 3435 13007 
651 
9 604 1066 2310 2855 2878 3160 3236 4472 5096 5344 6532 8068 9510 10283 10928 
39 
39 41 379 516 2394 3272 10250 11099 14574 
39 13062 13437 
39 48 297 1060 1281 13490 
39 
32 225 
36 38 39 237 12943 
39 41 227 548 
36 38 237 242 249 533 3412 9737 10571 13182 16176 16411 
32 39 41 48 242 7158 
1423 2110 2561 4080 
32 48 3312 3573 4142 4211 7746 10858 
30 39 716 910 1319 1677 2168 4123 4698 4945 5490 6095 10656 10922 12254 14098 15028 15916 16383 
32 227 2254 
39 48 2800 4383 4841 
32 
32 38 39 41 48 49 98 132 225 285 772 1529 4299 10481 10542 
23 237 340 374 413 560 753 805 929 989 1020 1422 1428 1433 1475 1538 2245 2561 2708 2988 4096 4693 5618 5712 7558 8317 11093 12943 16156 16199 16225 16418 
39 48 249 3316 3951 5289 
163 405 942 1308 1479 2914 3094 3409 6783 7631 15734 16155 
39 41 49 2208 5849 12925 
270 772 1004 3676 5051 5757 6026 9560 13189 13972 
39 48 
271 319 320 4883 5617 13764 14933 15436 
15643 
38 39 41 48 110 1004 1841 3317 12938 13186 13203 15601 
41 334 3420 
38 39 281 2482 11068 11199 
39 48 78 491 1010 1257 1486 2764 3330 3337 4294 4698 4771 11178 
39 48 1010 11712 12925 
39 41 48 89 176 249 331 350 379 382 407 558 734 897 967 1056 1072 1120 1135 1837 3541 3857 5789 6522 10385 10438 10653 13334 14881 
120 3361 
41 552 
32 39 41 48 213 249 398 664 1306 1479 1604 3569 4036 5243 6508 10653 12715 15345 
32 39 41 374 389 549 664 1479 2051 2238 2263 2743 3034 5406 10606 11218 16225 
32 39 48 68 255 311 553 1020 1665 2797 3675 4833 14926 
32 38 39 48 110 161 1243 2234 3127 15618 16176 
636 6325 12925 13174 15683 
48 856 960 1113 1580 4281 4491 15670 
38 41 110 
32 39 41 48 103 156 888 903 1219 1872 1910 2284 2505 2656 2723 2856 2882 2983 3316 5684 6430 6999 12925 14098 15345 
39 48 128 1557 6607 
32 39 396 413 
38 286 1991 4801 14252 
39 41 445 1417 
15233 
39 48 3160 15345 
15233 
39 438 1393 13049 
36 38 39 
11 39 48 479 944 1393 1555 1682 2242 3541 7027 7062 8317 9164 9569 10128 12951 15323 
39 842 6118 
38 39 55 
32 41 48 488 1826 2521 2958 
39 3850 4077 5589 6063 
39 41 117 150 592 976 1281 1372 1796 2630 3000 6593 9606 12925 14099 
39 48 264 614 927 1503 1663 1789 1903 2177 2425 2506 4294 4392 5317 
39 41 48 2422 2747 3494 5689 6078 8314 12925 14933 15436 16190 
39 438 2080 6437 13052 
39 48 103 2284 2406 5594 6741 11254 12925 12943 13203 
712 781 824 4299 5491 5968 6474 10630 12946 16175 
9 39 2043 4572 16208 16396 
32 39 48 10815 
39 76 489 533 681 2284 10515 10553 
32 
48 3271 
38 41 1015 1188 1409 1459 1825 1826 1876 1903 1987 2184 2314 2315 3160 3315 3978 4393 6992 8068 14933 
37 38 39 48 161 1285 
39 41 1421 15618 
32 38 48 67 371 2344 2495 2678 15755 
0 27 38 39 48 86 286 392 1166 1416 1677 2228 6547 6784 8743 9061 11039 12925 
39 48 89 94 282 706 1010 2716 3257 3762 8914 10374 13132 
39 41 48 65 2469 13056 
39 41 48 69 89 310 423 615 987 1232 1485 1757 1903 2049 2537 2769 2771 2853 2870 3279 3835 4209 4430 13056 
32 39 48 536 
38 39 48 55 102 108 237 405 548 10551 
32 39 41 48 49 242 248 379 1095 1251 1915 2065 2775 2982 4307 10446 12951 13160 13414 14017 14030 
22 69 184 201 319 331 388 503 541 574 582 652 675 860 880 973 1160 1332 1393 1410 1758 2001 2215 2300 2413 2664 2669 2671 2702 2905 2970 3012 3063 3228 3673 3799 4201 4896 4940 5081 5593 5748 6017 6737 7146 9235 10451 10770 10809 11221 11264 11421 12037 12282 12873 13089 13189 13302 13622 14098 14909 15582 16176 16419 16420 
26 39 101 261 413 441 916 1402 1579 2310 3996 4460 5686 6148 6742 10427 
12841 14588 15837 
11 65 199 544 963 2968 3270 4067 4524 7393 
32 39 41 48 729 730 921 1018 1393 4859 13189 
39 1318 1393 12443 
66 88 107 250 549 643 664 808 926 927 961 1945 2315 2839 2984 3483 5358 5976 6664 7941 8412 10733 10917 10978 11644 11764 12568 13032 13074 16155 16421 
39 48 108 1395 1707 1738 2783 4779 6574 10491 16014 
30 39 41 112 488 533 649 927 1043 1239 1928 1951 2269 2284 2634 2669 3218 3291 3412 3644 3663 3664 4009 4557 5360 5789 5967 11318 13277 13375 
38 39 48 110 165 166 426 570 3762 4174 4883 14637 14827 15578 
39 4077 5470 
39 10444 10656 13599 16415 
38 48 110 2749 15628 
32 1385 1498 2406 4011 16176 
39 
11 32 14159 16092 
38 39 41 286 639 4830 
371 
19 39 48 49 185 543 793 963 10442 11432 13552 15601 15659 
39 96 396 405 910 1733 1976 2259 2654 3808 4263 5892 6768 8317 10515 12090 15841 
39 1991 
36 38 110 
39 310 4393 5108 16366 
39 48 79 533 664 1084 1430 2105 2254 2468 4121 
32 38 41 170 495 549 885 1545 2094 2132 2276 8068 10515 12973 
32 38 39 48 271 281 3223 6899 15205 
39 48 413 989 1459 2467 2573 13184 
38 41 105 147 393 882 1304 2212 3408 5405 
32 39 5897 12546 
41 48 49 52 101 228 704 916 2031 2741 3094 3383 5805 8074 9845 12887 13594 13622 
37 38 39 541 571 3170 4514 4951 6840 7775 12317 12509 13015 13597 14370 15618 15891 16125 
4036 4587 
36 38 39 41 48 269 335 404 1113 1158 1709 2115 2167 3933 4068 5421 5884 6725 7240 8068 10647 10804 11764 12158 15264 15811 
38 39 41 48 170 228 398 405 446 523 533 649 675 824 956 1591 1600 1880 2193 2486 2493 2523 2861 2933 3012 3194 3756 3998 4448 4850 6546 10474 11051 15675 
39 41 48 79 1146 3006 
38 39 41 48 371 677 1590 4144 6054 6783 12693 
39 41 639 1570 9510 16422 
9765 
11 18 32 38 39 41 48 286 589 903 1062 1486 1619 2344 2383 2501 2524 4111 5164 5681 5931 6887 9499 12266 15953 
32 65 265 326 486 604 801 1000 1020 1069 1143 1444 1614 1759 1879 2554 2872 4770 5107 5892 10428 10768 10996 11026 13109 13210 14155 15687 15911 16172 16317 
32 16092 
37 38 39 41 65 16178 16244 16329 
186 340 413 809 926 1072 1105 1616 1677 2379 3811 4270 5738 7000 10951 14099 15622 
3217 13289 
32 13132 16423 
39 1003 2612 10448 10651 
48 1158 4662 15781 15815 16245 16246 
48 522 706 1119 2184 2573 4320 7775 12070 
48 758 
39 48 255 525 566 599 987 1481 2537 2633 9887 13017 13556 
39 41 61 441 475 1578 2837 12308 16175 
32 38 41 48 105 
32 107 220 1821 2749 3121 4011 11371 12677 13032 15640 15791 
39 48 89 338 1762 2479 4459 4777 4921 5068 5378 8288 12925 
39 48 203 1310 1481 4552 5344 5755 10422 11162 11171 11768 13222 13753 
39 41 48 65 248 338 526 566 660 766 865 1393 1629 1808 4336 11600 
38 110 570 
259 695 2920 3047 5974 5975 7562 12304 
835 14827 
39 48 1143 4693 6942 12925 
39 48 49 713 714 2769 16176 
39 48 66 176 204 707 808 947 1587 3888 5932 7252 9011 10796 12925 16198 
161 807 835 1984 13049 
32 38 110 2965 13966 
36 37 38 39 41 42 45 48 2216 2875 3270 4340 15578 
39 48 227 905 1951 2344 5356 10515 13197 
48 107 220 226 250 337 413 415 525 549 667 772 773 808 849 938 993 1052 1144 1382 1763 2380 2392 2437 2559 3405 3724 4408 4412 5089 5424 5505 11718 12545 12677 14406 14599 
718 2269 2441 2987 13051 
2 38 39 48 170 865 1764 3089 3341 8320 10943 12743 
32 271 
1 32 39 41 48 1143 
32 39 441 808 1138 3367 7991 9235 10731 12925 16049 16155 16396 
32 1578 16311 
39 41 1081 3659 
6471 
39 48 1313 1393 1999 2118 2464 2785 2983 3748 4221 5161 6218 7495 13557 
48 203 387 423 438 1163 1872 2402 2958 3157 3808 3903 3978 9758 11017 11468 11858 13049 16176 
39 2075 
38 170 673 1312 5124 13318 
39 378 402 479 2673 9708 13843 14966 15210 
39 48 89 215 587 693 1135 1172 1404 1939 2115 2493 2611 2800 2987 3174 3219 4361 4698 4969 6497 10442 12050 
39 95 1837 
237 264 340 1867 2315 
39 41 48 69 95 171 1578 3061 4550 12681 16369 
39 48 438 12943 
32 37 38 168 3867 
32 39 41 48 301 358 1000 1285 2182 4326 7677 13777 13915 
48 65 514 589 798 808 1308 1600 2631 2987 3109 3270 3462 8777 12925 13443 15497 
48 934 991 3035 5328 5976 9381 11074 12119 12693 14984 15538 16424 
39 41 10444 14098 
244 1616 2009 2321 2768 3413 3540 5201 5232 13189 13978 15669 
32 48 460 581 704 877 1639 3270 3418 13524 15618 15879 16155 
32 39 48 155 184 185 537 898 1312 1469 2306 3467 5153 5757 7166 8211 10815 12933 
39 1160 2554 2715 4286 13189 16176 
983 989 1361 1609 6095 10943 14953 
32 39 41 129 176 258 259 573 622 649 817 1025 1397 1702 1789 2239 2343 2525 2633 3404 3572 4009 5207 9421 9576 10500 10568 10607 10648 10801 12032 16405 
5 71 426 2611 3270 14415 
32 38 39 48 170 4703 16227 
501 1588 
501 
39 48 1609 4642 12925 12943 14953 15436 
38 39 48 281 438 
32 38 39 41 48 78 105 170 225 390 511 664 681 734 1173 1209 1468 1479 1669 1764 2671 2879 3844 4242 5491 5511 5973 10573 12307 12921 13462 15963 
39 48 345 1430 10443 
66 78 82 123 163 204 664 1435 1537 2056 2515 2607 4790 4879 4883 5478 5953 6162 8553 9560 10490 10573 10980 11073 13465 13778 14347 15816 15871 
32 39 41 65 277 513 570 577 592 1043 1055 1257 1736 2506 3034 3261 4625 6554 6795 7190 8375 10576 10758 11058 
32 39 48 989 1842 4107 10692 
41 418 581 704 1113 2561 4230 9265 
39 
39 768 1591 2344 2382 2536 4804 6777 12178 15659 
39 41 48 664 1841 1905 2343 
413 3021 5339 
39 1435 1791 2888 10583 
38 39 48 78 604 1727 2609 3056 3854 13184 
48 107 249 4621 8935 15619 
39 48 413 491 518 833 1404 1425 1771 5296 
39 48 69 150 179 201 213 751 984 1235 1804 1987 2554 2853 3002 3078 3130 3297 3672 3755 3793 3896 4502 4883 5062 6063 8596 10128 10491 11780 12173 
23 32 48 52 3045 
1803 4494 4816 5292 16248 16425 
38 39 286 343 
2 48 2800 5184 12308 
32 48 1107 1384 1385 3046 6364 15618 
38 105 831 1095 2012 5603 10540 
10 12 39 511 769 865 1034 1543 10796 12925 14593 15345 
39 41 48 
704 4016 
1673 
885 7205 7923 10510 12567 
41 77 798 896 1924 2184 2747 5502 5524 6190 12925 
48 1435 1486 3056 3194 4207 13742 14443 
39 13885 
1609 3486 9510 15345 
368 
39 13049 
30 39 41 2420 3535 4186 14099 
38 39 41 48 55 
39 41 2238 3510 
39 48 1537 2239 
32 39 48 150 185 237 413 956 1824 2184 2764 2808 4336 6118 10448 10481 12925 14098 15205 15345 15621 16176 
39 48 1497 3750 
36 38 39 1806 1840 3198 3941 4654 
23 39 48 88 107 136 549 907 1611 1661 2552 3762 6777 9716 12965 13960 
201 13049 
39 41 4316 12060 
36 38 39 41 45 2321 3987 4227 
48 91 94 497 2990 3977 6974 11289 11338 15278 
334 10815 12604 13182 
15 38 39 48 56 65 101 201 438 887 2378 3541 3799 4310 7253 
230 424 837 2554 4372 4770 5671 5806 5807 6751 7566 9451 9777 9778 13034 13189 13847 14506 14929 
32 39 48 141 185 242 740 15054 
32 94 479 5986 11692 
39 903 1763 13860 
301 1004 1024 1070 1232 2998 3510 3877 3879 6082 7540 8713 10511 12677 12925 13032 15578 
39 695 892 
39 413 
39 48 488 2938 12942 12956 13088 
32 39 48 694 2058 
39 703 
38 39 41 110 
39 48 255 4406 15119 
65 10036 16426 
32 38 39 41 105 1163 1239 3084 13051 13052 
39 
39 161 10553 
405 653 1070 2004 2538 3750 5207 6630 10515 10725 11295 11692 13049 13182 14549 
39 233 274 305 329 698 740 1834 3021 3055 5339 14243 
32 39 
32 41 15618 16227 
32 39 420 561 796 1076 1084 1156 1423 1430 2071 2795 2998 6031 6173 6466 16427 
32 65 151 349 15039 
39 2170 2998 10525 
39 48 3286 
39 89 237 274 310 694 1063 1393 2150 3055 3769 4744 6892 
39 41 48 79 662 963 1609 15210 15345 15811 
32 1915 5136 
3093 5170 15050 
32 39 48 1486 8590 13189 
39 41 48 751 3742 7646 13277 
32 38 39 41 48 830 1611 1727 2014 2317 2389 2395 5137 10526 12693 13277 13620 16227 
32 2879 2893 4843 
48 14928 15631 
38 39 41 65 186 201 379 829 1727 11747 13135 13706 13795 14634 
32 41 79 808 2254 10451 10606 16155 
28 39 1789 15805 16049 16428 16429 
48 1710 2283 2374 9628 
544 10129 16430 16431 
8498 
32 39 41 48 1020 1951 3438 3609 16430 
39 544 9527 16430 16431 
39 48 156 677 3964 16430 16431 
39 48 910 1532 2090 5694 16430 16431 
19 32 39 48 186 258 596 751 1816 2766 2800 7879 8867 16430 16431 
39 48 407 6227 16430 16431 
39 12488 16430 
39 41 48 1479 3579 3638 4269 16430 16431 
32 39 48 65 89 310 388 490 798 832 851 968 1015 1609 1811 1842 1994 2122 2184 2521 3579 3931 4002 4325 4731 5151 5491 8128 15634 15643 
39 48 497 589 681 740 781 1558 2857 3772 6421 12254 13182 16430 
48 446 2875 4534 16430 16431 
39 249 338 1244 1361 2186 16430 16431 
39 48 107 175 176 225 271 806 1025 2065 2239 7222 10484 16230 
48 123 1004 6106 16430 16431 
39 48 242 1542 6387 
805 1103 1230 1416 1527 2881 3256 3258 5781 16184 16430 16431 
39 41 258 338 533 544 649 856 878 1526 1540 1609 1867 1999 3042 3355 4616 4932 5928 7451 7744 13028 14933 
5036 5588 8335 
39 48 49 65 67 78 248 397 398 681 979 2492 2767 3270 3343 3772 4059 7062 9719 12965 16430 
204 342 1486 1677 1696 2638 15988 16430 16431 
39 41 48 345 475 2631 7004 16038 16430 16431 
32 248 544 1138 2723 3238 4698 5169 5325 16430 
11 41 48 101 301 548 576 1444 1629 1677 2638 3594 15345 16430 16431 
32 48 1395 2458 2733 3222 8074 
32 38 39 48 255 370 378 941 1020 1096 2370 4969 6921 10553 14753 
48 78 201 345 1964 2199 3218 3475 4143 5449 5617 6256 10573 13043 16430 16431 
39 251 271 677 2412 4309 4777 5982 12036 12959 
48 548 584 592 610 2310 6059 9187 14470 16430 16431 16432 
41 4056 
38 39 170 305 473 805 3256 3258 4025 10973 12289 16430 16431 
32 48 101 541 544 1081 1215 2124 2343 2843 13152 13189 16430 
39 48 178 237 535 2468 16430 16431 
32 48 147 269 1355 2958 5002 8412 10818 16430 16431 
41 65 2058 4650 4731 6126 10443 13786 
48 270 1066 2040 2177 2199 3675 4464 4969 5169 16430 
38 39 41 384 1529 3772 4485 6404 16430 16431 
39 48 78 254 958 4532 15273 15289 16430 16431 
379 773 4495 7376 9544 10645 
1609 3194 9150 14953 15171 15345 16430 16431 
36 39 534 1600 
38 39 48 110 117 192 808 832 1600 6691 9150 16430 16431 
39 48 
334 645 1180 1486 16430 16431 
37 38 48 2813 3324 3553 3698 16430 16431 
39 48 78 681 5748 6639 16430 16431 
41 48 87 544 1585 1698 1872 4501 6117 12925 13382 14920 14953 16430 16431 
543 1077 2116 3007 3338 16430 16431 
32 103 2706 2723 10129 16430 
32 41 48 61 184 673 910 1020 1783 1974 2792 5236 7948 13491 16430 
32 39 116 649 1987 3324 4790 9150 16430 
32 48 78 270 271 424 716 2573 3186 8627 10129 10996 15002 16430 16431 16433 
32 39 48 856 1435 2476 3008 3153 3630 3851 6942 7374 12351 16131 
1807 15442 16430 
32 39 48 65 350 740 878 1250 1609 1951 2353 2464 4512 8566 
19 48 2723 6999 16430 
32 271 
32 38 39 41 48 170 237 269 279 413 838 3904 5510 8068 14953 16336 
39 334 9511 10443 13743 16430 
48 837 1023 1313 1486 1600 1677 2051 4374 4588 14358 16430 16431 
15 48 116 176 290 681 714 760 1282 1294 1594 2135 2467 2646 3322 4112 4143 4345 6118 9758 10606 10624 12693 12967 13052 14347 16430 16431 
41 1316 4421 4859 5312 8553 11295 15691 16430 16431 
32 38 41 286 863 9589 
39 16430 16431 
39 438 16430 
1609 2310 14953 16430 16431 
38 39 41 48 56 338 2405 2617 3324 5672 12925 
39 41 48 1048 1837 2327 5750 5863 10087 13062 14334 15818 16430 16431 
48 194 716 1001 1385 7988 16430 16431 
32 48 2394 3269 
32 48 186 259 543 2310 9150 9235 10132 16366 16430 16431 
18 39 48 75 270 548 610 733 831 882 1600 1987 2115 2281 2893 3465 3964 5466 12677 16430 
32 39 48 237 270 396 963 1355 2091 2310 2714 2741 4556 10419 16430 16431 
38 39 271 504 1529 3218 16430 16431 
39 48 229 488 548 611 3185 6140 9628 9703 
38 83 2420 15066 15763 16430 16431 
38 41 48 397 548 549 832 840 1067 1343 1964 1993 2030 2879 2935 2991 3127 3299 3722 4514 4786 4839 5125 6858 7711 10129 10873 12677 12946 13571 14549 14680 15879 15883 16093 16311 16430 16431 
32 659 16430 16431 
39 10444 12951 16430 16431 
39 41 48 285 374 413 592 772 910 916 1634 1698 1812 2515 2661 2723 4648 4718 8679 8691 10996 13160 15012 15080 16430 16431 
39 544 1925 2740 3551 12951 16430 16431 
41 48 155 297 345 555 589 1160 1183 1372 1796 2215 2607 2942 2988 3462 5316 6793 8691 16430 16431 
32 956 1004 2856 3635 5183 9949 12929 15578 16430 16431 
39 48 649 652 798 812 1066 1085 1410 1425 1929 2199 2723 2987 3035 4682 6582 11230 13382 14098 14634 16430 16431 
31 39 41 123 310 772 4000 4472 4552 5471 6630 8003 9150 10446 10540 11799 15084 16131 16428 16430 16431 16434 16435 
48 2778 3174 4650 6099 12925 16430 16431 
32 41 94 129 185 192 413 430 503 522 548 587 710 741 743 744 770 1146 1158 1280 1387 1896 1914 1932 1964 2111 2184 2188 2245 2304 2435 2537 2651 2815 3259 3853 3870 4571 4583 4586 4994 5885 6112 6485 6507 7989 8075 9798 10459 10490 10541 12997 15345 15578 16155 16430 16431 
38 41 105 123 
39 41 48 2761 15273 16430 16431 
4685 16430 16431 
39 41 48 340 1677 4698 12923 16430 16431 
39 48 65 652 675 1609 2188 2513 4013 5288 10741 12206 14545 14953 16430 
32 39 41 48 50 204 593 1791 4658 15167 16430 16431 
479 504 772 2919 7600 10451 16430 16431 
32 39 41 622 640 713 793 892 2051 2113 2315 15371 16430 16431 
32 39 48 1387 2399 2559 2623 2853 2874 3553 4209 4502 10696 11636 16430 16431 
39 48 503 2468 2507 
32 39 48 255 597 705 712 801 2002 2058 2079 2160 2617 16430 16431 
38 47 173 237 475 785 2212 9833 
39 48 438 2081 2681 2998 4976 
32 41 16430 16431 
35 179 488 1027 2723 16430 16431 
48 1609 2177 2188 2202 2310 3057 3223 4918 12302 12534 15210 15618 15781 
2329 5344 12925 16430 16431 
1417 2359 4041 8320 16430 16431 16436 
38 48 123 170 328 1099 1698 2117 2124 3676 5002 8924 10423 12037 
38 39 41 237 696 699 840 1533 1534 6173 10607 16430 16431 
376 6621 16192 16255 16308 16411 16437 16438 
32 39 16430 
32 48 824 1629 16430 
41 48 345 1363 1722 2191 2267 2934 3324 3664 4793 5754 12925 15879 16430 16431 
38 110 
38 170 1619 16430 
694 781 1010 1741 2967 3475 10087 10818 14098 15273 16430 16431 
32 39 48 297 420 592 1444 16430 
48 3735 7221 13865 16430 16431 
32 544 1867 2219 2763 2966 16430 16431 
32 39 103 156 178 639 806 1120 1987 2741 4393 15163 16430 16431 
39 41 48 225 256 1361 16430 16431 
15685 
8352 8763 9177 11772 15614 
38 39 41 48 110 286 871 2182 2572 5974 11310 12925 13300 13443 16430 16431 
32 39 2171 
32 1353 6575 
1113 1360 1561 5446 12925 
41 48 73 101 147 176 201 271 293 345 413 525 541 734 763 1082 1135 1277 1867 2413 2424 2665 2741 3117 3208 3467 4143 4144 4374 4891 10860 11692 12278 12997 15634 16430 
38 39 110 1531 3025 5694 9150 12929 16430 16431 
16151 
39 48 438 4318 
32 39 16430 16431 
48 250 269 544 718 1081 1616 1741 2080 2091 2856 3053 4034 16430 16431 
0 30 31 32 39 41 48 186 270 271 310 334 544 649 671 795 812 1395 1666 1818 1819 2164 2284 2353 2597 3311 4105 4336 4340 4739 4740 6173 12973 13017 15659 16405 16430 16431 16438 16439 
32 39 48 1942 4807 16430 16431 
41 45 48 65 95 201 1488 2223 4448 5091 5153 10109 10132 13060 
65 78 100 133 150 232 301 358 543 716 730 766 781 830 1000 1277 1281 1417 1422 1781 1884 2092 2216 2656 3693 4648 4753 5117 5264 5288 6140 6152 7004 7268 7895 8074 9628 10331 10485 10720 11773 12130 12616 13334 13530 14098 15265 15578 15623 15996 16017 16057 16077 
32 39 41 12735 16430 16431 
9 107 136 549 610 910 961 1067 1417 2011 3136 3291 5802 6263 8087 10175 10234 12677 13068 15791 16430 16431 
78 4472 9150 12929 13174 16405 16430 16431 
39 2002 2827 6997 13017 
38 286 340 14099 15345 15879 16430 16431 
39 41 48 78 3788 16430 16431 
32 48 50 65 77 150 347 581 774 826 899 983 1135 1815 2346 2519 2524 2728 2965 3756 4113 5156 5578 5660 6194 10821 11218 13189 16189 16405 16430 16431 16440 
39 48 396 812 910 913 2230 2231 11736 16430 16431 
342 879 1048 1872 11276 16430 
32 48 151 345 979 2286 3816 4488 6046 6635 9708 14609 15376 15618 16254 16430 16441 
32 12959 13174 
39 186 204 16430 16431 
18 39 48 1715 2620 3270 7048 11560 13383 16430 16431 
2263 8346 11739 
48 274 2186 16430 16431 
38 39 41 48 170 242 279 
39 48 78 16430 16431 
117 193 550 552 675 789 837 928 978 1249 1569 2259 2638 2808 2815 3312 3314 3410 3724 4698 5121 5124 5246 7191 10295 12715 13182 14656 15882 15912 16412 16442 16443 16444 
39 41 48 694 2170 16430 16431 16445 
37 38 677 3849 4547 4548 15578 
38 110 16430 16431 
32 39 309 708 1378 1379 2706 2769 13054 16430 16431 
38 39 48 56 16430 16431 
39 204 956 1629 2519 2649 3560 3998 6343 7191 16333 
36 38 1188 2310 15028 15084 16430 16431 
32 38 39 105 155 258 907 1237 3312 
39 169 204 310 975 6343 12959 15345 16430 
37 38 39 48 101 314 449 913 1101 1104 1714 1929 2531 4061 4124 4685 4883 5507 9150 11093 16405 
48 66 622 677 760 961 1004 1066 1071 1313 2043 2046 3219 3357 3373 3724 4001 6403 10656 10928 13089 13152 16228 16430 
38 39 48 281 16430 16431 
39 48 317 1067 1741 16430 
425 5614 15879 16333 16375 16430 
41 351 903 1185 1219 4382 4433 4486 13056 15773 
31 32 39 48 283 533 1588 2046 2867 3120 5215 6783 15002 16430 16431 16446 
19 269 16430 16431 
38 41 310 1590 2364 
39 48 123 325 361 587 5001 10483 14152 15879 
48 251 842 1014 1355 2822 4460 
41 1600 2015 2515 4208 4677 9076 9793 10555 
38 39 48 78 101 604 745 947 1709 1727 1796 2715 2815 3292 3546 4685 7396 9150 10442 12925 12991 16415 16430 
16405 16430 
38 48 55 65 89 314 5060 9833 11544 12929 16430 
35 38 41 48 105 123 420 766 1076 1084 4990 7068 16430 16431 
41 95 243 284 367 438 589 704 1071 1113 1336 2286 3186 3472 12036 16156 16430 16431 
41 179 301 413 446 497 749 849 2818 2853 9510 10579 16155 16430 
39 41 65 107 468 549 1067 1071 1316 1524 2856 8514 8691 10721 10943 13443 
12929 12959 16430 16431 
39 41 48 
48 10214 12959 13174 16430 16431 
9 48 232 470 1232 4007 7727 
38 110 824 2468 
39 48 264 812 1004 1209 2065 2657 2673 3324 16430 16431 
36 38 39 41 48 175 178 225 842 1538 1557 1629 15618 16430 16431 
38 105 152 389 511 16227 16430 
38 39 41 48 264 371 627 793 1529 3519 7209 16430 16431 
41 48 65 4498 4532 6343 13056 15273 16430 16431 
39 41 16430 16431 
38 39 41 110 9569 16309 
23 32 39 48 150 350 430 479 604 808 986 1232 1558 1791 1867 2665 2769 4159 5164 6239 6531 6752 6780 10128 10446 10917 15084 15578 16430 16431 
39 48 362 438 1396 2949 3460 3635 4472 6268 13372 16430 16431 
32 36 38 39 48 69 695 798 9041 10446 13550 
39 48 89 147 150 664 727 766 793 2491 2649 3785 7046 10132 10629 12330 12577 13017 15198 16430 16431 
32 38 39 110 270 271 1188 16430 16431 
39 48 
38 39 41 48 103 229 237 286 569 938 1013 1209 1746 2310 2389 2649 3879 5485 7046 9150 9986 13017 15675 16430 16431 
48 544 924 1052 1403 2370 3894 4905 7960 13382 15740 16430 16431 
39 48 441 592 1066 2632 3160 16430 16431 
39 41 48 393 755 1329 2425 2625 3218 3324 3673 5195 10651 13375 
32 2387 3233 9105 15264 
32 48 1318 1837 2039 2273 3581 4203 5651 5790 10525 11074 15391 16430 16431 
31 48 234 2284 2505 3256 8029 13052 16430 16431 
32 39 79 1654 9974 10432 16430 16431 
38 150 201 281 328 591 718 812 825 860 1062 1360 2519 2931 4143 10442 14098 15302 16156 
39 
36 38 39 48 764 1489 4209 10017 
36 38 41 48 78 2764 5078 16430 
39 41 48 78 255 535 681 1445 2771 13443 15618 16251 
19 32 38 39 41 48 110 133 330 933 1045 1046 2986 5507 12983 16430 16431 
32 39 511 809 1600 
237 249 2135 5977 9758 11968 16430 16431 
39 48 123 566 770 1557 1591 2464 15898 
39 66 1218 
265 271 301 812 1600 2417 3696 5780 6161 6913 8981 11254 13459 15044 16159 16178 16405 16430 16431 16447 16448 16449 
39 232 317 2921 9586 
41 45 48 65 186 282 301 529 589 831 1043 1196 1433 1596 2069 2240 2408 2629 3006 3270 3572 5051 5489 9150 16430 16431 
32 39 41 48 53 79 345 1814 16430 16431 
186 708 904 1600 4703 9927 16430 
185 910 16430 16431 
38 48 511 680 1188 10423 16430 
39 41 48 344 384 420 824 879 909 1113 1425 2310 2673 3279 3892 4201 4578 4932 5765 10943 12921 16430 16431 
39 123 156 186 278 310 708 1664 1842 1907 1994 2624 2851 2856 3950 4289 4322 5309 6334 10796 12032 15345 15618 16155 16430 16431 
39 368 1360 2631 4297 13174 14808 16182 16428 16430 16431 
41 48 1130 1286 2263 10663 16430 16431 
32 48 229 3279 13054 16430 
32 39 41 48 438 9150 10423 16430 16431 
48 73 392 846 1304 1600 3176 3394 7068 15614 16430 
39 48 438 592 1081 2420 2940 3525 3729 3953 4804 6712 7318 14098 15638 
39 48 89 586 664 2393 10487 12925 12929 12943 13174 
31 32 39 41 48 79 470 653 824 1622 1626 4213 5229 5574 12959 13382 16430 
38 39 89 163 236 370 680 3923 5164 13028 13051 13052 15119 
4383 9150 12943 
1837 6349 
544 843 2982 4125 6355 15028 15084 15898 
12 41 444 2894 5018 16405 16430 16431 
18 1315 1316 3370 6520 16430 16431 
101 285 449 740 1020 1101 1144 1772 1864 2441 3270 6921 10598 
39 48 404 695 956 1558 1603 1872 2168 2673 2737 9105 16430 16431 
39 41 48 914 4310 11484 15879 
39 48 438 4592 8566 16430 
123 291 1872 16430 16431 
18 32 65 237 249 653 910 956 1570 2083 4472 5982 16001 16251 16430 16431 
36 38 267 279 3939 
32 147 525 781 910 956 1872 2196 2519 3783 4513 5514 9150 13443 16218 16430 16431 
32 39 41 16430 16431 
39 48 1104 3150 16430 
27 41 48 261 529 591 1116 13443 16366 
147 228 338 413 720 1161 1293 1616 2080 2138 2168 2383 3546 3978 4546 4625 4841 4995 5874 6134 6219 7229 10209 10498 12923 13443 14612 15667 16316 16430 16431 
39 41 48 741 1486 1609 2651 3312 4249 4529 10653 13165 15345 16430 16431 
38 170 3324 7848 16430 16431 
18 32 39 48 101 225 340 974 1160 1330 1482 2238 2523 2836 3933 5086 6212 6800 6897 7004 7007 9912 13182 13189 15459 15466 16430 
938 1903 3483 10897 15618 
310 620 989 1495 2173 2424 2664 3494 3526 3527 3529 4684 5502 6078 7050 11297 13379 16093 16430 
65 1641 16430 
38 39 41 110 569 16430 
32 41 48 78 544 785 2631 12929 16430 16431 
38 39 41 48 387 716 840 1031 2696 5314 12921 
39 156 1009 1479 1481 5962 6300 7158 15570 16430 16431 
39 48 297 425 1444 1531 1677 2090 12929 16430 
39 3642 4811 16430 16431 
15715 
32 41 48 204 297 438 528 544 1362 1486 1746 2214 3608 9150 12983 16430 16431 
32 48 16430 16431 
11 39 48 89 96 171 367 1342 1899 
32 39 41 48 52 78 201 1313 1594 1677 1976 4698 13304 16450 
32 39 1842 2058 16430 16431 
39 48 89 310 673 1752 2425 3151 14098 16155 16430 16431 
39 41 48 1393 1714 1930 2094 3008 4258 4488 16430 16431 
39 48 222 438 1004 1580 3136 
32 41 1600 2976 4660 10526 16430 
48 89 544 974 1003 1619 1640 1991 9150 16430 
38 45 48 683 698 716 1191 1799 3854 5405 12929 15630 
38 39 48 116 1783 2553 2805 9158 12983 16430 16431 
39 41 48 65 1543 8985 9758 10515 15164 16430 16431 
170 
65 185 358 894 2652 5437 11276 
39 41 48 78 251 260 297 451 2053 3279 3668 9151 10576 16430 16431 
39 41 1600 3475 8412 
32 41 1559 1951 2631 2808 2914 3160 3206 3409 3742 3974 4393 5850 6105 7252 10230 12929 12999 15835 16430 16431 
39 41 48 51 65 75 204 1184 1486 1634 2350 2357 2654 3189 4726 5350 8235 8985 15988 16430 16431 
48 1022 5403 14999 15345 16443 
10087 12925 12929 13174 13764 16430 16431 
16405 16430 16431 
2 48 209 308 546 822 1083 1311 1378 1821 2054 2129 2264 3391 3467 3713 3776 4127 5577 6497 6674 6748 7176 7266 11749 13958 14098 
1629 7587 16451 
32 39 41 78 1973 3324 9510 16430 16431 
38 41 170 513 6714 12938 16430 16431 
9 32 39 48 78 89 102 236 297 325 518 544 827 1003 1180 1361 1403 1652 1937 2065 2180 3324 4080 10423 15028 15084 16430 16431 
38 39 41 48 53 110 161 16430 
39 41 48 49 50 89 96 222 413 479 573 591 652 677 863 1297 1414 1451 1636 1637 1640 1652 1878 2728 4297 4970 6430 10766 12473 15879 16430 
39 3827 4472 
38 39 110 3324 9510 16430 16431 
3410 4178 5340 5976 11603 14098 16430 16431 
9 38 170 2787 3597 
39 156 989 3827 5060 
41 48 50 3270 3324 9150 16430 16431 16452 
36 38 1570 16430 16431 
36 38 39 41 161 597 1872 2441 3012 11069 12925 16430 16431 
547 549 1073 1093 1275 1280 2608 3458 3476 5074 8679 
297 543 544 2235 2236 2310 6021 12959 15084 15618 16175 16430 16431 
37 38 39 413 4524 4751 5439 12931 
48 65 69 117 396 469 544 615 812 910 1004 1562 1779 2515 2673 2793 2853 3349 9029 10804 12925 16430 
39 41 48 3324 13106 16430 16431 
32 544 824 1172 1183 1410 1444 1562 1655 2375 2629 2713 2723 3272 4201 5387 10425 15659 16430 16431 
39 48 271 910 956 16430 16431 
38 39 110 
39 298 16430 16431 
39 41 16430 16431 
32 39 41 48 1813 8317 
32 39 270 398 438 1043 1276 1318 2002 2607 2749 4465 6575 10623 16431 
39 16430 16431 
5038 15718 16430 16431 
39 41 297 405 828 1656 4127 7941 10551 12909 13334 16430 16431 
39 41 48 89 236 297 338 764 797 1153 1154 2468 
38 39 110 210 547 1960 5248 12929 16430 16431 
38 39 50 110 956 1319 1752 3324 3675 4089 4152 4444 4698 6532 10739 12473 16430 16431 
41 48 260 297 1308 1804 2555 3505 15618 16430 16431 
38 41 110 
15 449 1052 1294 2523 3683 4546 4945 16430 
39 48 249 1012 1172 2673 2888 4498 5405 9164 10446 15273 16430 
48 1210 1986 4342 16430 16431 
32 36 38 39 161 589 915 11254 
18 39 264 649 1072 3851 4897 4962 13443 15578 
39 41 48 161 261 1655 1939 4863 5127 5439 16430 16431 
48 368 413 704 733 1696 1764 2327 2843 2995 3493 4292 4642 5051 5502 10513 10630 10939 13318 14474 15002 15884 
26 32 39 65 529 561 796 1020 1161 1609 2823 3156 3271 4048 4698 6134 8230 10442 10553 10579 13197 16430 16431 
38 39 41 48 170 16430 16431 
39 48 334 3261 15822 16453 
39 48 
36 38 39 48 16430 16431 
32 39 438 1825 2297 2496 12685 15332 16175 16430 16431 
39 65 740 1113 1687 2894 8399 13049 16430 
48 78 164 290 589 684 696 1930 3294 5370 15578 16430 16431 
39 48 107 589 1062 1352 1503 5051 7674 
39 41 161 278 301 442 479 1239 1393 1616 1715 2343 2673 2894 3207 3349 3361 4093 4580 4975 5084 10878 11432 12925 
39 41 1860 2110 2370 2603 16430 16431 
39 201 719 13174 16430 
39 2894 3157 16430 16431 
38 39 176 206 962 973 1004 1105 1517 1727 2650 2855 3897 4965 7284 8068 9510 10132 10796 12929 13534 15264 
31 39 48 362 797 1154 1322 1746 3504 3510 4051 4080 4277 4790 9151 12925 12929 14099 14929 15159 15988 16430 16431 
39 1173 4316 16430 16431 
1319 2058 3819 3925 4657 4702 10598 15981 
32 38 371 1874 2771 12959 
39 1715 2388 10128 11058 14944 
48 1135 3072 5099 12925 16430 
267 2856 3465 16430 16431 
39 2468 3596 16430 16431 
39 48 1600 2958 4291 5344 6493 13382 16430 16431 
156 237 493 714 16430 16431 
39 48 325 677 796 1824 2075 2370 3394 8680 9054 9489 15344 16311 16430 16431 
32 227 
38 39 41 286 2327 
39 78 297 310 345 781 795 1403 1818 1819 2792 3324 6276 9150 10446 12929 12983 13174 15812 16430 16431 
48 89 204 225 1486 1827 2054 3316 3324 7316 9151 15217 15345 16155 16430 16431 
9 48 89 279 763 767 3805 10473 16430 16431 
48 1209 1650 5022 10796 13174 15586 
195 533 694 1103 1543 1741 1986 2136 4556 6255 13052 
48 716 5408 5537 6522 7975 12186 15979 
256 1245 2417 2424 
163 4564 15618 
251 297 314 315 340 345 428 479 1146 1804 2218 2386 2900 3015 3616 3850 4211 4891 6959 10487 12062 12929 13174 13556 14051 14185 15988 16251 
39 41 48 913 7763 16430 16431 
48 80 255 675 3172 4307 5169 16430 16431 
39 48 310 597 1773 2669 7373 14098 16430 16431 
32 107 309 781 885 1067 1080 1380 2310 9150 9151 9986 14326 16155 16430 16431 
39 261 1497 10754 13174 15084 16430 16431 
5982 7076 16430 16431 
38 39 41 1529 
32 123 425 1417 2310 5830 16430 16431 
32 39 41 48 147 232 282 466 659 808 3968 4325 4457 4464 5346 7205 13462 14099 16129 
39 41 116 161 297 544 1987 2065 2135 2592 3086 11216 12929 15144 15578 16454 
259 438 1107 1821 3270 12996 13210 15618 
41 48 548 1072 10481 
2 123 892 1012 2326 9986 16430 16431 
3682 5850 15988 
309 405 438 592 1269 1548 2130 2343 3316 6227 10132 13713 14976 16220 16430 16431 
242 963 2184 4761 5273 6079 16430 16431 
38 48 49 170 907 965 1611 1640 2933 4945 6574 14171 
39 48 1282 4278 12607 12959 
39 78 2649 6670 
39 16430 16431 
89 201 589 703 888 907 2906 5289 12933 
32 39 48 49 80 185 215 374 716 1312 1396 1844 1854 1863 1872 2141 2207 2436 2626 2733 2789 2808 3208 3682 4316 4572 4697 5718 5850 10230 10451 10716 13944 15164 15295 15340 15345 15385 15879 16181 16243 16298 16430 16431 
39 41 136 230 806 837 956 1062 1227 1291 1677 2075 2193 2726 2856 3312 3465 11491 16430 16431 
39 48 78 156 255 425 544 2792 4822 16430 16431 
36 38 39 41 48 78 1393 1847 16430 16431 
31 32 48 67 270 271 559 798 822 905 910 1083 1159 2548 2609 2626 2930 3229 4325 8179 10087 10515 13189 13567 13575 16405 16430 16431 
32 842 4580 5091 16430 16431 
48 848 974 1435 1677 2884 9401 9608 16430 
32 38 41 48 110 475 791 927 1893 2617 2867 2963 3418 5124 12925 16430 
89 405 592 659 
32 39 41 270 271 1677 1915 2004 2663 4698 5288 16430 16431 
48 533 724 1741 2771 3432 4200 
39 49 65 279 3412 6581 12938 16202 
38 39 41 48 286 3053 12929 15818 16430 16431 
39 781 1600 1744 1812 1996 3012 3462 6343 13382 16430 16431 
39 65 1812 12996 16430 
41 2081 
39 41 48 89 916 1308 6637 
32 38 39 41 48 65 110 236 237 249 640 719 1210 1479 1714 1919 2505 2746 3495 3973 5651 5862 8699 12929 13553 16430 16431 
48 671 3678 
13300 14099 
39 41 3317 13054 16092 
25 544 654 2729 4253 4254 8269 16430 
39 69 185 396 583 907 1568 1663 3292 3423 3424 4793 4882 5721 6593 10606 12062 13035 13458 15471 15652 16093 16129 16430 16431 
1 41 48 312 553 808 856 1360 1486 1782 1812 1814 1869 2002 2552 3330 3925 4207 5062 7744 9061 13786 15126 15879 16430 16431 
32 36 38 511 7484 7518 
9 39 310 350 415 460 479 827 871 956 1196 1257 1422 1693 2015 2127 2170 3272 4883 5344 9181 9510 9743 16430 
237 3436 6461 7081 7538 16430 16431 
39 41 301 2879 15984 16430 16431 
32 38 39 626 3904 6949 14120 
31 39 48 255 374 424 649 725 1005 1772 1867 2122 2168 2573 3270 3476 10734 16430 16431 
32 41 48 50 186 242 781 1917 4498 6919 10554 15273 16430 
48 334 544 974 
94 123 1540 1609 1805 4420 5151 6256 9510 
15692 
39 2706 4024 4589 7373 
32 37 38 41 48 185 1867 2252 2904 3218 5186 12909 12959 15659 16086 16430 16431 16455 
1209 10484 16428 
39 297 544 1652 3541 3561 4165 5207 
32 62 768 16430 16431 
32 297 1280 4143 5362 10511 16430 16431 
39 420 445 942 1497 
212 397 1085 1219 1343 1497 1587 1939 2510 4433 4832 5907 7396 10653 12959 13174 15618 
38 39 41 48 110 237 310 441 719 1473 1476 1890 2284 3324 12925 15618 16430 16431 
39 204 1486 4698 16430 16431 16433 
32 
831 10451 16430 16431 
19 41 43 48 185 651 2678 3772 4698 10354 15158 16430 16431 
13518 
32 785 4071 13155 
286 16430 16431 
15686 
10 264 412 807 845 878 896 1158 1359 1598 1714 1741 1899 2286 2563 2689 2902 2940 3194 3367 3756 4201 4648 5060 5171 6578 9021 9628 12828 14289 15110 15578 16430 16431 
41 48 9631 16430 16431 
2 519 15338 
12 36 38 39 41 48 78 310 371 6358 12473 12929 13049 
32 39 41 48 65 78 89 541 1052 1196 2343 9510 15578 16430 16431 
48 221 282 766 1404 1408 1973 1993 2730 2792 2894 6200 6814 7088 7902 10554 12959 13174 16175 16430 16431 
32 38 41 170 204 447 904 1641 3194 3259 3354 4272 5315 10515 13068 13122 15618 15694 16430 16431 
39 41 48 2907 5549 14098 16430 16431 
32 39 544 1045 1046 1923 2424 3840 4015 4710 
32 48 460 793 974 3098 16430 16431 
39 681 821 
39 2486 16430 16431 
2 32 39 41 151 225 2362 10459 14098 16430 16431 
39 48 808 924 1752 2310 4532 4658 10066 10087 10526 12983 15084 15273 16430 16431 16456 16457 
39 48 696 16430 16431 
475 1003 12925 15171 15497 15781 16155 16458 
39 41 1588 
39 16430 
39 48 248 310 544 793 845 2344 10721 11598 13017 13302 
39 438 1991 2514 2848 
39 41 605 12646 16430 16431 
505 5900 7512 8333 13057 16272 16405 
32 39 48 65 1481 4272 4381 13812 16430 16431 
10 48 255 425 467 1619 3616 4792 4822 6342 7751 16430 16440 
150 326 405 860 2706 4331 
39 41 48 5962 
13518 
39 2991 
32 39 48 407 3356 6268 16430 16431 
16459 
48 310 544 1569 1677 1709 3240 3579 5711 7004 7884 8990 14775 16430 
9 39 41 48 890 4445 4719 15879 
32 39 48 103 264 5152 9204 11749 16430 16431 
10268 
62 123 150 155 168 180 185 204 267 297 441 448 467 694 777 808 903 1062 1184 1239 1333 1479 1486 1537 1741 1937 2235 2299 2353 2599 3067 3093 3769 3772 4873 4891 5667 6098 6271 7166 7775 8068 9037 9648 11630 13507 13887 15442 15618 16155 16438 
48 1868 3696 4833 10175 12999 15818 16430 16431 
11740 12381 15557 
38 286 1603 16430 16431 
3270 6468 12959 16134 
12929 12943 16417 16438 
48 7425 8068 11630 16178 16430 16431 
38 39 41 94 105 382 475 795 958 1337 1818 1819 2631 3311 3369 4417 5680 12842 12959 13061 13141 13609 
201 235 677 768 831 
48 640 2634 4790 7895 16312 16430 16431 
32 39 48 298 309 677 825 878 1080 1479 1600 3314 5535 6555 16430 16431 
38 39 41 48 170 237 310 2180 3686 5026 10996 15028 16430 16431 
11 39 41 48 65 179 266 493 533 563 945 1024 1394 1569 1570 1884 1899 2012 2327 2837 2879 3270 3531 3759 4148 4822 5160 5607 6099 7558 11588 14087 16430 16431 
621 1561 4134 4393 4424 5976 7245 11600 12959 16430 16431 
48 89 812 1929 16430 
19 32 48 179 185 255 342 357 423 438 687 716 792 849 1023 1152 1868 2027 2034 2075 2080 2329 2621 2728 3276 3532 3859 3877 4058 4833 5007 5088 6052 6082 7941 10653 10687 10943 11297 13197 13978 
39 338 389 430 647 989 1158 1579 1664 1874 2129 2383 2425 2480 2590 2878 2907 3032 3218 4127 4969 7538 11338 14481 16430 16431 
749 817 1025 1397 2596 3151 3395 4201 5408 7461 
36 38 39 48 15618 
39 41 48 225 438 1066 1678 2118 2177 2238 3294 4237 4927 9421 13255 16430 16431 
909 15640 16405 
38 370 628 2805 7683 16430 16431 
41 325 894 1345 1609 2631 3878 8067 14656 15345 16430 16431 16460 
48 89 544 716 1342 1486 1677 2867 3270 3606 4508 4698 16430 16431 
48 117 169 425 501 910 956 978 979 1161 1486 1752 1847 2080 4048 4121 4143 4207 4793 4859 10917 13048 14098 16430 16431 
32 48 225 921 984 1183 8137 9150 10818 11447 12036 12547 12982 13182 15288 15956 16461 
48 789 793 910 1998 2572 6343 12939 13334 15044 
41 48 
32 39 41 65 116 251 959 1688 2048 2338 2392 3867 4650 7129 10465 10568 13182 16430 16431 
48 318 574 664 746 848 3502 4580 12959 16156 16430 16431 
19 38 39 101 170 
48 107 301 830 1569 1570 2051 2820 2892 3410 4962 5303 10541 16430 16431 
36 38 39 41 237 438 451 2171 2299 3202 8385 16430 16431 
647 769 2370 7082 8235 13174 
5 41 117 340 344 413 535 560 809 921 947 1246 1275 2625 3028 3161 3412 4058 4123 4572 5306 10862 11503 
16 32 38 39 105 310 740 1023 1043 1876 2344 3314 3616 4657 5785 6953 8842 10438 13049 13899 16430 16431 
39 48 78 192 830 
2 32 38 39 41 47 48 229 237 255 319 322 331 396 592 637 714 961 967 1257 1638 1896 2065 2080 2395 2420 2481 3236 3541 4417 4498 4640 4650 5612 6190 6194 9271 9606 10446 10515 10731 11672 12677 12929 14098 16093 16131 16225 16265 
38 39 41 48 110 338 2046 2383 16431 
32 36 38 41 48 170 225 271 379 479 589 1077 2364 2687 4883 9150 12996 13130 13382 15302 16311 16397 16429 
16462 
32 39 48 910 16430 16431 
38 39 110 170 371 1590 1903 16430 16431 
2 10 39 41 48 65 108 150 345 396 535 543 591 596 781 809 821 876 1023 1113 1126 1159 2239 2573 2783 2947 3294 3330 3742 5171 5325 5578 5970 8506 9510 9606 10446 10470 10766 10943 11093 15119 16093 16272 
548 961 1609 6399 16430 16431 
39 4694 12925 12959 15578 15663 16430 16431 
39 48 2150 15578 
80 195 267 310 730 1055 1103 1761 1878 6340 7978 15028 16430 16431 
32 
39 41 4994 
39 358 4405 6508 16430 
32 39 41 48 78 270 1479 5358 8117 16430 16431 
32 39 592 910 1750 10821 
51 232 261 402 703 729 730 821 918 1275 1738 1984 2075 2113 2378 2525 2966 2984 3270 3569 4066 5406 5905 6512 7514 8411 10374 10627 10792 11161 13086 16208 
38 39 41 48 84 156 170 438 713 1345 1479 1486 5164 6387 13382 15578 15879 16430 16431 
39 45 65 320 1001 1609 2310 13318 14966 15210 15462 15538 16064 16245 16246 16430 
39 903 15028 16430 16431 
204 449 591 974 1486 1652 2535 3217 4698 5848 16430 16431 
39 48 396 12999 16430 16431 
39 48 259 358 887 1476 1715 3271 
16463 
41 65 373 1609 3785 5280 5305 6359 16430 16431 
39 48 1343 1479 12925 16430 16431 
48 62 2453 2992 3036 4678 5056 5114 14242 
32 36 38 39 12929 13054 16430 16431 
15715 
39 48 844 845 912 7744 9066 13174 
39 438 3042 13065 
32 48 78 6783 9150 10551 10607 12929 13244 13944 16430 16431 
48 79 1034 3052 16430 16431 
38 47 652 768 791 4141 4811 5058 10533 14801 
39 4698 16430 16431 
39 48 958 4257 5034 7373 12050 12925 
39 48 5136 
31 48 175 258 261 488 718 813 861 914 1004 1066 1238 1355 1619 1805 2059 2180 3171 3799 5818 8162 8434 9150 10442 11858 12841 16430 16431 
32 38 39 55 78 10921 16430 16431 
39 48 390 914 1696 10943 
32 48 4832 
38 48 110 3214 13146 16430 16431 
48 464 571 637 1799 1855 2627 9150 16430 16431 16464 
48 128 369 794 1561 1937 2310 2669 3806 3866 4288 4843 9150 13423 14309 16410 16430 16431 
36 38 39 41 48 78 123 2065 15473 16219 16405 16430 16431 16465 
39 41 65 227 243 244 245 337 2673 12929 13174 
716 16430 16431 16456 
39 41 48 201 271 1020 1578 3315 4019 
32 38 39 41 370 2552 2893 3321 3904 4720 8317 10033 10829 11560 12959 
32 39 41 48 78 297 426 2235 3151 10739 16430 16431 
41 16430 
39 48 475 966 1063 1744 2629 7191 7282 7318 9151 15618 16430 16431 
32 39 41 275 1837 2309 2386 2560 3047 3124 3628 4351 5203 6214 7575 9876 12951 15007 
36 38 39 41 48 370 989 1010 1135 1895 4221 9168 9569 13005 
39 48 179 201 438 1239 1404 1826 2872 3827 16430 16431 
39 41 48 334 694 1841 2310 2406 5152 6956 10699 10797 16430 16431 
39 2064 15879 16431 
543 1612 2995 6065 
32 41 258 337 837 838 1205 4239 10803 13048 15473 15638 16430 16431 
39 570 16430 16431 
39 48 204 310 444 910 956 974 989 1612 1812 3012 6117 16430 16431 
39 48 73 89 607 664 1096 1327 2201 2394 2839 3730 3935 5026 5446 7746 10474 11397 12030 12317 12630 13174 14060 14717 14881 14976 15838 16057 16088 
249 878 1444 1478 1883 3025 4770 4854 6458 7068 13300 14241 
2425 13190 13300 16430 16431 
38 39 110 281 681 2284 2505 3884 16430 16431 
39 48 184 785 2659 3733 5953 6140 
32 41 48 126 2463 5236 6696 12959 15879 
39 48 297 325 956 11768 13068 16430 16431 
39 48 284 552 865 1403 5905 
11 38 39 41 89 105 237 310 464 677 1529 2147 2199 2259 5467 6182 6532 6555 13228 16235 16430 
37 39 41 203 286 
38 1784 1838 3005 4064 
12982 
39 48 1056 
31 38 39 41 110 170 330 367 420 2315 3008 3903 3964 4019 13146 
39 48 1886 16430 
39 89 1016 1736 2056 12933 16430 16431 
16 32 161 438 2878 13662 16430 16431 
39 521 1072 1270 3394 4981 5307 5338 10818 11801 13174 16430 16431 16466 
0 48 251 297 351 615 623 675 724 1012 1025 1397 2015 2607 2665 3769 4616 5730 5919 5948 7205 12933 16430 16431 
39 438 635 1312 10441 13035 16430 16431 
48 89 405 596 716 788 1003 2856 10184 13543 14568 16430 
38 39 48 286 643 1286 1513 2310 3047 13334 15126 
39 270 1318 1609 13300 14953 16430 16431 
48 4157 15238 
32 39 48 290 956 983 1180 1209 2177 3321 3596 4201 5405 15471 15500 16430 16431 
48 314 561 793 795 796 821 1076 1084 1357 1819 2743 3311 3558 3884 4124 5276 5989 8691 10606 13032 16430 16431 
16 39 48 297 475 936 956 4214 12959 16430 16431 
39 407 438 1020 1629 16430 16431 
38 823 1831 3149 3324 
39 1282 
621 1497 2054 2819 4032 6202 
32 78 
910 16430 16431 
48 136 314 317 703 945 961 1138 1290 2566 6352 6398 6563 10878 12477 16430 16431 
32 77 285 418 479 570 632 704 1113 1609 1761 1874 1937 2053 2161 2272 2714 2785 3194 3279 3383 3926 3933 7230 7494 10202 12841 15345 16093 16129 16131 16178 
32 1161 4830 
32 41 48 237 340 405 570 831 1135 1319 1876 2042 2166 2284 2344 2495 3532 5733 6024 6383 9277 9724 15459 16430 
49 918 2097 3762 4340 4650 12932 
39 41 13443 16430 16431 
48 65 311 740 1308 1663 6607 11799 13334 14018 16265 16440 
39 41 984 1113 1804 5617 12943 
32 37 38 39 41 270 286 910 1486 1600 2310 2519 6554 14953 15612 16430 16431 
38 48 286 12959 16430 16431 
39 48 297 338 1677 2323 6780 16430 16431 
38 48 255 390 653 785 6543 9150 16430 16431 
48 664 791 1570 2395 3579 4279 8508 12929 
48 13300 14933 
48 407 623 677 809 1066 2237 4973 5782 9493 12511 
11 19 39 41 43 48 438 589 978 1062 1393 4532 4658 4975 5406 7775 15084 15273 16430 16431 
39 48 123 772 1103 2867 3036 6510 16467 
39 41 664 
32 48 270 806 842 947 1481 1890 2042 2878 8507 12466 16430 16431 
39 41 48 255 389 497 1619 1989 2626 3006 5789 9150 16430 16431 
32 37 38 39 48 438 1135 1543 2218 2554 
39 41 5560 16155 
48 1638 16430 16431 
39 48 101 111 321 963 1003 1897 2201 2543 2559 4068 4179 10733 11195 14612 15838 
39 12959 16430 
12 32 147 590 716 789 791 830 1080 1246 2100 2325 2976 3242 14098 15208 15385 15971 16283 16430 16431 16457 
39 274 438 763 1093 2417 10132 13088 16430 16431 
41 921 2951 3475 13382 14099 16430 16431 
259 1257 1429 2464 2574 2617 2768 10540 14347 
7 32 101 260 544 652 1598 16430 16431 
39 48 267 425 622 1609 1677 2310 4557 4698 4854 12929 12959 14966 16405 
39 147 271 544 697 885 1072 1282 2238 3546 3653 3724 3953 4843 10443 10653 16430 16431 
48 310 2631 3551 4144 16430 
39 89 155 192 903 
39 12929 
15002 16446 
39 48 173 885 974 1698 1973 3199 3200 3201 4976 5481 7050 7895 8477 11181 11296 
19 32 39 111 449 490 576 729 730 731 781 956 1557 1715 1878 1987 2390 2926 3559 4237 4976 7107 9095 9510 10797 14098 15084 15578 15835 16405 16430 16431 16457 
32 39 41 89 150 209 533 808 824 1771 3349 4093 4945 8092 10542 15044 16430 16431 
32 39 48 195 1127 1135 3086 3761 4143 4816 15937 
39 48 1246 1296 2543 9150 9953 12925 12959 13174 16430 16431 
19 32 39 41 48 201 424 547 766 824 842 947 2310 4578 5152 12938 14370 16430 16431 
1677 2378 5560 13227 15618 16430 16431 
39 41 48 123 187 279 422 438 522 760 1156 1330 1400 1868 2129 2208 3659 3964 4417 7540 7895 10606 10797 10798 11840 13135 13756 16155 16430 16431 
39 179 237 8411 16430 
39 48 237 16430 16431 
32 48 114 560 1232 2535 2673 5685 
13300 15384 16458 
4009 5712 10448 
39 48 16430 16431 
751 1066 1435 1486 3410 3456 3534 4178 4214 4698 5299 6759 7117 7718 8508 10261 16430 16431 
22 32 39 48 65 152 258 298 438 554 690 808 947 961 1205 1613 1619 2343 3189 4643 9552 15879 16445 
48 141 142 16430 16431 
41 201 451 1048 1146 1239 2218 2310 2624 3569 3682 4100 4393 6582 6630 10128 10132 10515 10860 11276 11692 13189 16430 16431 
39 41 1910 16430 16431 
95 342 
9 101 147 325 1144 2118 2212 4127 7744 9029 13056 13382 14120 16430 16431 16445 
39 89 
39 41 48 56 127 1428 2041 2218 10374 16430 16431 
48 65 232 237 597 652 716 1160 2329 2723 3293 6403 15246 
48 438 15297 15322 
32 39 48 65 76 78 265 490 514 583 966 1027 1134 1275 1854 2561 3057 3431 5439 5761 10420 13258 
32 41 237 249 718 2064 3008 5338 5973 6827 9758 16430 16431 
38 170 801 1915 2626 2875 9150 12980 
39 48 1424 3042 13052 16430 16431 
39 48 1425 2188 2235 2471 2995 3793 4447 13189 15700 16092 16155 16430 16431 
19 39 260 386 1094 2097 2263 2329 2401 3019 3320 3604 3923 4581 4883 5578 10374 13607 14655 15167 15879 16044 
1 32 4479 5683 
39 48 78 332 448 768 1232 1429 1578 1609 1814 1964 5210 6098 6514 10410 14876 16405 16430 
32 2310 16430 16431 
39 2126 5051 10656 11484 16468 
32 38 39 40 47 48 68 334 1395 1515 1578 2065 7220 7943 11254 13051 
298 830 4488 5074 
41 48 445 521 534 587 716 808 1020 1309 1311 2187 2607 3189 4883 12982 15879 
9 48 259 1237 1429 2187 2531 2995 8203 13143 15588 16469 
32 80 314 1081 1135 2848 4056 16430 16431 
38 39 48 65 156 228 243 255 413 426 521 586 840 848 1025 1249 2191 2492 2875 2879 3151 3265 3782 4025 4143 4493 4705 4731 4883 6359 8124 9420 9618 10513 10598 10792 11394 12736 13524 13556 13602 14098 15818 16155 16250 16405 
15385 
16405 16415 16430 16431 16434 16440 
15208 15372 
32 38 48 213 677 808 840 2988 3270 10446 10448 12129 16155 16430 16431 
39 941 1290 1764 2495 3006 3862 4832 5862 15119 15618 16430 16431 
38 39 41 286 560 963 2754 2914 3903 4294 16430 16431 
479 1619 2958 16430 16431 
39 41 1986 4556 5531 9150 12469 16405 
32 65 533 738 822 903 1282 1600 4383 5958 8068 13190 
810 13797 16430 16431 
39 343 570 1130 2328 
38 39 105 258 345 1704 5861 16430 16431 
39 41 48 413 651 703 1043 1178 1315 1363 1439 1613 1804 2310 3483 4121 5421 6091 7873 7895 10300 12932 13122 13152 
32 41 108 548 611 961 1403 1570 2011 3324 3973 4472 7718 9510 12677 16430 16431 
4064 10607 13300 16430 16431 
32 325 548 938 1569 1570 3579 4178 7209 7718 10739 12951 12959 16430 16431 
441 2004 2664 12929 16428 
39 48 237 740 746 6401 12959 14605 
449 956 2879 9150 16430 16431 
41 48 350 475 649 5641 16430 
32 39 65 123 147 185 237 961 1215 3926 10465 15618 
19 39 41 48 62 229 310 413 438 1135 1945 2212 2344 2350 2894 2899 4055 5786 8372 9037 13534 16430 16431 
2091 3270 13382 15879 16269 16430 16431 
19 41 48 16430 
39 41 9150 10542 
48 592 766 8685 9925 
39 41 48 243 342 438 548 703 926 967 1060 1280 1772 1814 2012 2714 2792 4592 4646 4698 9150 12932 13334 14893 15160 
48 201 255 278 407 479 767 824 986 1395 1598 2022 2283 2375 6725 13334 14006 14099 
39 875 2665 2962 12959 14070 14406 15518 16379 
39 41 101 346 393 413 479 522 586 635 695 799 1466 1786 1994 2449 2830 3035 3591 3722 6217 11493 12129 13033 
2310 4267 
39 48 2528 
32 39 205 242 1393 
