1 2 3 4 5 6 7 8 9 10 11 12 13 14 15 16 17 18 19 20 21 22 23 24 25 26 27 28 29 30 
31 32 33 
34 35 36 
37 38 39 40 41 42 43 44 45 46 47 
39 40 48 49 
39 40 49 50 51 52 53 54 55 56 57 58 59 
33 42 60 61 62 63 
4 40 49 
64 65 66 67 68 69 
33 70 
49 71 72 73 
40 74 75 76 77 78 79 80 
37 39 40 42 49 80 81 82 
83 84 85 
42 86 87 88 89 
40 49 90 91 92 93 94 95 96 97 98 99 100 101 102 
37 39 40 49 90 
40 42 103 104 105 106 107 108 109 
39 40 42 110 111 
40 112 113 114 115 116 117 118 119 
120 121 122 123 124 125 126 127 128 129 130 131 132 133 134 
49 135 136 137 
40 49 138 139 140 141 142 143 144 145 146 147 148 149 150 
40 151 152 153 
39 40 57 154 155 156 
49 157 158 159 160 161 
40 42 49 
162 163 164 165 166 167 168 
39 40 49 169 170 171 172 173 174 
33 40 42 49 175 176 177 178 179 
33 39 40 48 49 180 181 182 183 184 
40 185 186 187 
37 39 42 49 141 188 189 
40 49 187 190 191 192 193 194 195 196 197 198 199 200 201 
40 202 203 204 205 206 207 208 209 210 
40 66 194 211 212 213 214 215 216 
180 217 218 219 220 221 222 223 224 225 
226 227 228 
40 42 49 229 230 231 232 
37 39 40 233 234 235 236 237 238 239 240 241 242 243 
40 244 245 246 
40 42 49 247 248 249 250 251 
40 49 66 252 253 254 
49 231 255 
40 49 67 79 243 256 257 258 259 260 261 262 
40 49 263 
37 39 40 226 264 265 266 267 268 
40 243 269 270 271 272 
40 49 80 147 238 257 273 274 
275 
33 39 40 49 276 277 278 279 280 281 282 283 284 
40 49 69 
39 40 49 96 97 106 285 286 287 288 
40 42 49 213 289 290 291 292 293 294 295 296 297 298 299 300 
301 302 303 
37 39 40 106 304 305 306 307 308 309 310 311 312 313 314 315 316 317 318 319 320 321 322 
11 323 324 325 326 327 328 
40 49 153 162 329 
40 330 331 
49 332 333 334 335 336 337 338 339 340 
19 38 39 42 49 148 341 342 343 344 345 346 347 348 
33 40 42 49 349 350 351 
49 352 353 354 355 356 357 358 359 360 361 362 363 364 365 
366 367 
39 40 42 49 61 368 369 370 371 372 373 374 375 376 
2 12 40 42 49 66 90 377 378 379 380 381 382 383 384 385 386 
387 388 389 390 
39 42 391 
39 56 392 
33 44 152 153 202 259 341 393 394 395 396 397 398 399 400 
339 401 402 403 404 405 
40 406 407 408 
49 90 102 180 187 259 341 409 410 411 412 413 414 415 416 417 418 419 420 421 422 423 
40 46 49 249 424 425 426 427 
142 345 428 429 430 431 432 
40 433 434 435 
40 49 66 436 437 438 439 
16 24 37 39 49 124 230 292 332 338 391 440 441 442 443 444 445 446 447 448 449 450 451 
49 452 453 454 455 456 457 458 459 460 461 
38 39 49 148 175 462 463 464 465 466 467 468 469 470 471 472 
40 49 473 474 475 476 
40 42 477 
478 479 480 
40 162 481 482 483 484 485 486 487 
33 40 42 49 153 238 397 
39 40 42 106 111 488 
61 382 
12 40 49 256 489 490 491 492 493 494 495 496 497 498 499 500 501 
40 
42 111 502 
33 39 40 49 171 179 503 504 
39 42 505 
226 233 348 506 507 508 509 510 511 512 513 514 515 516 
39 40 42 49 171 190 226 271 517 
40 49 
39 40 282 518 
3 519 520 521 
311 522 523 
42 524 525 
49 311 417 522 523 526 527 528 529 530 531 532 
39 40 111 533 