39 4080 15618 
32 38 39 48 270 390 1294 1727 2238 2760 5700 15659 16010 
32 39 79 1144 1609 3573 5580 5818 6672 7533 10984 12225 14791 14933 16010 16011 
39 136 533 730 812 994 1425 1704 1929 2100 2435 2741 3217 3668 6737 10568 13443 16010 16011 
32 38 48 56 4127 4479 7910 10451 16010 
39 48 169 199 264 492 591 677 766 809 1052 1215 1640 1785 1972 2094 2177 2663 2878 4911 5006 5048 6405 13780 
38 39 48 286 
38 39 48 110 2958 3568 16010 16011 
156 1481 2056 13109 16010 16011 
32 39 48 65 595 1246 1704 4363 5422 16010 16024 
38 39 41 48 110 449 919 1872 5057 6108 6776 7910 10484 13583 16010 16011 16025 
37 38 41 48 110 916 10656 10860 14933 15979 16010 
37 38 39 41 48 1135 2826 7707 12925 16010 16011 
41 227 4209 
41 71 1847 1987 2056 4393 7986 13812 15578 16010 16011 16013 
32 39 41 48 258 766 910 1991 2177 2476 3778 4244 5048 8004 14933 14953 
39 271 
39 41 548 2046 2493 5146 10730 11135 12951 14098 
38 39 170 1034 
39 48 147 673 1185 1408 2056 2188 3015 3186 14098 15901 16010 16011 
32 39 48 264 2133 2519 2775 3946 5937 9001 16005 16010 16011 16013 
39 41 521 677 1423 2502 3835 5053 
38 39 48 89 281 597 712 1120 1160 1316 2056 2058 2160 2843 2958 3373 5651 7505 7758 8978 10188 16010 16011 
39 48 2733 15083 16010 16013 
39 48 3458 15983 
66 101 161 271 328 522 2014 2118 2834 2900 3314 3676 5089 5914 6353 6780 7078 7677 12841 12925 12959 15012 
65 797 976 1282 1486 2155 3638 4000 4743 12959 13174 14310 16026 
38 39 41 48 110 329 1590 2606 2805 5815 7108 14933 15119 16010 16011 
39 41 48 334 535 1537 1964 1987 2053 2079 3086 8679 10459 15618 16010 
150 2231 2399 2674 3799 10474 14310 
39 41 48 607 1704 1832 13056 15987 16010 16027 
5 38 39 281 1325 5784 12308 13665 14367 
32 48 16010 16011 
533 803 2364 5982 
32 39 48 16010 
39 48 766 1081 1101 1323 2002 13184 16010 16011 
10 38 39 41 48 110 291 350 824 1056 5525 6006 8109 9516 11804 13190 16028 
32 48 186 
39 48 186 968 3806 13184 16010 16011 
340 989 1679 2172 3857 8553 11039 16010 
641 912 1066 1609 2184 2626 3315 4401 5010 5566 6853 12517 14602 14933 15171 15217 15798 16029 
38 39 48 110 8978 13556 16010 16011 
32 38 48 1082 1529 3451 12266 13589 15548 15601 
36 38 39 48 205 408 421 675 3202 3312 16010 
2830 3121 7031 15438 16010 16014 
31 39 41 147 260 338 712 919 4077 4895 5341 5514 16010 
32 39 48 150 265 475 2242 2505 2741 3075 3872 3978 5356 11241 12925 12991 
32 39 41 48 216 813 2284 2299 2505 3805 4557 5049 5216 7046 11175 11270 12146 12693 14098 15484 16010 16011 
39 48 49 185 201 278 374 547 571 664 751 757 1559 2436 3084 3207 3208 3270 4575 5619 10541 10630 10996 11161 11338 12473 14933 15017 15219 15222 15276 15313 15345 15854 15923 16005 16010 16011 
39 100 220 237 548 611 1001 1262 7756 15578 
2 41 7756 12943 16010 16011 
0 39 89 123 533 569 3354 4037 14928 16010 16011 16023 
48 123 310 947 2616 2624 3806 3848 6526 10796 14099 15593 16005 16010 
38 39 371 926 2056 2319 3560 5158 12925 16010 16011 
39 65 89 246 260 649 740 812 877 2056 2177 2713 3253 12962 14098 16010 16011 
39 48 49 541 589 695 1105 1615 2673 2737 4550 10481 10573 16010 16011 
38 41 48 89 110 397 398 571 592 681 783 1090 1404 2597 2958 3535 3537 4029 6716 8978 15036 16010 16011 
15 39 58 460 758 1101 1237 1291 1294 1327 1455 1609 1704 2056 3683 4524 7453 8317 8978 12146 14933 14953 16010 16011 
389 1105 10897 13437 16013 
39 45 48 261 2683 2931 3015 3068 4774 5343 15798 
1408 1997 3034 4107 5341 6728 14438 
39 48 89 338 547 572 2033 3462 6630 14098 
41 1637 2105 2606 4646 4703 5570 16010 16030 
48 116 260 877 1393 1704 2056 2659 2715 3036 4019 5917 6196 11295 12929 14098 14185 16010 16031 16032 
48 2056 2958 13174 14668 16010 16011 
38 39 110 16010 16011 
23 39 48 597 1189 1476 5549 14098 16010 16011 
39 
10 38 39 41 47 48 49 259 261 386 746 837 1120 1135 1144 1172 1251 1340 1720 1771 1804 1872 1945 2215 2986 3271 3434 3603 4061 4089 4113 4970 5244 5292 5335 6656 9168 10541 10943 11739 13043 13556 13616 14122 14926 14928 14929 14941 16015 
19 32 36 38 48 170 615 1430 2188 2389 4056 12929 16010 
32 39 48 1387 3840 9758 
325 1230 2325 11007 15601 16010 16011 
32 39 79 1146 7429 9032 12959 13174 15907 16010 
48 65 2383 2958 6655 8898 16010 16011 
32 101 560 916 4401 10769 15099 15151 15979 15995 16010 16013 
39 41 459 3659 8679 16010 16011 
39 1407 2446 2723 5018 16010 16011 
147 279 503 622 879 1166 1290 1469 1596 2435 2458 2493 3185 3964 4625 6696 7128 10645 11894 13032 16010 16011 
1704 2382 2694 4220 5048 7000 11178 16010 
39 48 16010 
39 41 48 82 102 337 373 761 1082 1448 1538 1675 2630 2820 2958 3357 3510 3870 8135 10516 11952 14275 16010 
39 48 65 199 314 342 378 582 609 1185 1503 1714 2079 2343 2967 3754 3972 4061 4343 4931 5580 5782 8423 10501 10561 12794 12962 14408 15471 15819 15984 16010 16013 16033 
104 1676 2056 3696 16010 
133 604 1579 2388 
38 286 479 2606 6795 8978 10018 13174 13235 15799 16010 16011 16034 
13552 
39 3799 7551 16010 16011 
371 3464 10828 10965 16010 16011 
32 39 41 48 107 534 3276 3793 8573 10656 16010 16011 
14098 15578 16010 16011 
36 38 39 41 48 338 340 490 757 2238 4831 8978 16010 16011 
39 2878 4821 5169 13782 
39 50 66 76 1138 1609 4651 11956 14933 14953 15215 15217 15313 15410 16006 16010 
39 41 48 438 479 1744 1872 1931 2958 3638 6128 8320 10623 
48 65 396 420 423 544 615 812 909 910 1004 1061 1327 1393 1562 1655 1747 2056 2208 2300 2674 2730 2820 3349 4589 4970 4981 5272 6497 7176 7562 14185 15345 15436 
41 798 2122 3294 4265 5712 16010 16011 
15 41 48 101 147 201 293 345 500 615 730 1082 1715 1784 2117 2378 2515 2894 3208 3278 3467 4141 4143 4374 4489 10860 10943 11692 13556 15618 
2398 6655 15429 16019 
48 73 195 438 599 987 1042 1408 1806 1879 1901 2706 3840 3899 8806 15576 15578 16010 16013 
32 36 38 39 48 89 269 1361 2100 2435 3502 5220 8978 9231 13895 16010 16011 
32 38 39 41 48 110 237 272 415 2154 2184 2599 2958 3002 3510 4336 4589 5728 5729 12873 14098 14952 15119 15643 16010 